302.7748 315.6472 0.0000 
66.8397 53.9288 0.0000 
311.9078 295.9596 0.0000 
75.2756 43.7768 0.0000 
54.1542 55.6372 0.0000 
61.7612 57.5158 0.0000 
85.9567 36.1039 0.0000 
97.7862 30.3083 0.0000 
104.5845 24.8522 0.0000 
38.6064 70.3924 0.0000 
42.3474 83.3781 0.0000 
123.9878 21.8815 0.0000 
104.5845 335.1478 0.0000 
96.0000 0.0000 0.0000 
67.6886 327.2849 0.0000 
117.1791 27.2080 0.0000 
240.0000 0.0000 0.0000 
316.6276 342.3770 0.0000 
84.2947 18.0927 0.0000 
36.7605 280.8440 0.0000 
32.1105 310.0766 0.0000 
