48.6320 81.9824 0.0000 
50.4775 74.4513 0.0000 
53.4018 67.7665 0.0000 
57.2252 62.1102 0.0000 
61.7612 57.5158 0.0000 
66.8397 53.9288 0.0000 
311.9078 295.9596 0.0000 
314.9729 288.9421 0.0000 
317.0421 280.9158 0.0000 
317.9613 272.2197 0.0000 
42.3474 83.3781 0.0000 
43.8571 74.9609 0.0000 
46.4465 67.4106 0.0000 
49.9405 60.9563 0.0000 
54.1542 55.6372 0.0000 
58.9202 51.3784 0.0000 
64.0995 48.0602 0.0000 
69.5808 45.5608 0.0000 
75.2756 43.7768 0.0000 
302.7748 315.6472 0.0000 
307.6309 312.0817 0.0000 
312.1215 307.5841 0.0000 
316.1238 301.9998 0.0000 
319.4842 295.2087 0.0000 
322.0252 287.2035 0.0000 
323.5702 278.1870 0.0000 
36.0120 88.6240 0.0000 
36.7605 79.1560 0.0000 
38.6064 70.3924 0.0000 
41.4003 62.7243 0.0000 
44.9615 56.2855 0.0000 
49.1176 51.0266 0.0000 
53.7239 46.8113 0.0000 
58.6660 43.4840 0.0000 
63.8564 40.9025 0.0000 
69.2280 38.9504 0.0000 
74.7287 37.5389 0.0000 
80.3166 36.6040 0.0000 
85.9567 36.1039 0.0000 
299.7840 324.8233 0.0000 
305.4143 322.1563 0.0000 
310.8134 318.6513 0.0000 
315.8869 314.0847 0.0000 
320.5009 308.1792 0.0000 
324.4687 300.6423 0.0000 
327.5467 291.2872 0.0000 
329.4607 280.2622 0.0000 
30.0151 88.2686 0.0000 
30.9521 76.4471 0.0000 
33.2259 65.8539 0.0000 
36.5858 57.0230 0.0000 
40.7607 49.9793 0.0000 
45.5225 44.4869 0.0000 
50.7007 40.2498 0.0000 
56.1742 37.0045 0.0000 
61.8572 34.5440 0.0000 
67.6886 32.7151 0.0000 
73.6234 31.4090 0.0000 
79.6269 30.5512 0.0000 
85.6712 30.0947 0.0000 
91.7320 30.0151 0.0000 
97.7862 30.3083 0.0000 
295.3967 333.2404 0.0000 
301.6002 331.4749 0.0000 
307.6822 329.0736 0.0000 
313.5875 325.8376 0.0000 
319.2323 321.4732 0.0000 
324.4861 315.5583 0.0000 
329.1432 307.5311 0.0000 
332.8898 296.8051 0.0000 
335.3045 283.2123 0.0000 
24.0196 87.7552 0.0000 
25.2232 72.6414 0.0000 
28.0647 59.8298 0.0000 
32.1105 49.9234 0.0000 
36.9648 42.5631 0.0000 
42.3474 37.1428 0.0000 
48.0775 33.1377 0.0000 
54.0403 30.1654 0.0000 
60.1618 27.9627 0.0000 
66.3923 26.3521 0.0000 
72.6972 25.2150 0.0000 
79.0509 24.4739 0.0000 
85.4332 24.0813 0.0000 
91.8270 24.0130 0.0000 
98.2163 24.2648 0.0000 
104.5845 24.8522 0.0000 
110.9130 25.8121 0.0000 
117.1791 27.2080 0.0000 
155.6884 81.0955 0.0000 
204.1758 276.7043 0.0000 
287.0911 341.1377 0.0000 
292.7574 340.4211 0.0000 
298.3938 339.4347 0.0000 
303.9878 338.1185 0.0000 
309.5225 336.3840 0.0000 
314.9729 334.0995 0.0000 
320.3019 331.0668 0.0000 
325.4508 326.9826 0.0000 
330.3234 321.3806 0.0000 
334.7572 313.5630 0.0000 
338.4775 302.6146 0.0000 
341.0578 287.8333 0.0000 
18.0000 90.0000 0.0000 
18.9422 72.1667 0.0000 
21.5225 57.3854 0.0000 
25.2428 46.4370 0.0000 
29.6766 38.6194 0.0000 
34.5492 33.0174 0.0000 
39.6981 28.9332 0.0000 
45.0271 25.9005 0.0000 
50.4775 23.6160 0.0000 
56.0122 21.8815 0.0000 
61.6062 20.5653 0.0000 
67.2426 19.5789 0.0000 
72.9089 18.8623 0.0000 
78.5954 18.3754 0.0000 
84.2947 18.0927 0.0000 
90.0000 18.0000 0.0000 
95.7053 18.0927 0.0000 
101.4046 18.3754 0.0000 
107.0911 18.8623 0.0000 
112.7574 19.5789 0.0000 
118.3938 20.5653 0.0000 
123.9878 21.8815 0.0000 
129.5225 23.6160 0.0000 
134.9729 25.9005 0.0000 
140.3019 28.9332 0.0000 
145.4508 33.0174 0.0000 
150.3234 38.6194 0.0000 
154.7572 46.4370 0.0000 
158.4775 57.3854 0.0000 
161.0578 72.1667 0.0000 
162.0000 90.0000 0.0000 
198.9422 287.8333 0.0000 
201.5225 302.6146 0.0000 
205.2428 313.5630 0.0000 
281.7340 347.7399 0.0000 
287.5936 347.4017 0.0000 
293.4437 346.9019 0.0000 
299.2797 346.2100 0.0000 
305.0955 345.2791 0.0000 
310.8824 344.0382 0.0000 
316.6276 342.3770 0.0000 
322.3107 340.1189 0.0000 
327.8977 336.9690 0.0000 
333.3269 332.4089 0.0000 
338.4775 325.4780 0.0000 
343.0919 314.3671 0.0000 
346.6033 296.1865 0.0000 
12.0000 90.0000 0.0000 
13.3967 63.8135 0.0000 
16.9081 45.6329 0.0000 
21.5225 34.5220 0.0000 
26.6731 27.5911 0.0000 
32.1023 23.0310 0.0000 
37.6893 19.8811 0.0000 
43.3724 17.6230 0.0000 
49.1176 15.9618 0.0000 
54.9045 14.7209 0.0000 
60.7203 13.7900 0.0000 
66.5563 13.0981 0.0000 
72.4064 12.5983 0.0000 
78.2660 12.2601 0.0000 
84.1316 12.0642 0.0000 
90.0000 12.0000 0.0000 
95.8684 12.0642 0.0000 
101.7340 12.2601 0.0000 
107.5936 12.5983 0.0000 
113.4437 13.0981 0.0000 
119.2797 13.7900 0.0000 
125.0955 14.7209 0.0000 
130.8824 15.9618 0.0000 
136.6276 17.6230 0.0000 
142.3107 19.8811 0.0000 
147.8977 23.0310 0.0000 
153.3269 27.5911 0.0000 
158.4775 34.5220 0.0000 
163.0919 45.6329 0.0000 
166.6033 63.8135 0.0000 
168.0000 90.0000 0.0000 
193.3967 296.1865 0.0000 
196.9081 314.3671 0.0000 
201.5225 325.4780 0.0000 
206.6731 332.4089 0.0000 
275.9670 353.9672 0.0000 
281.9333 353.8670 0.0000 
287.8980 353.6937 0.0000 
293.8603 353.4369 0.0000 
299.8190 353.0802 0.0000 
305.7723 352.5978 0.0000 
311.7180 351.9500 0.0000 
317.6526 351.0732 0.0000 
323.5702 349.8619 0.0000 
329.4607 348.1288 0.0000 
335.3045 345.5112 0.0000 
341.0578 341.2156 0.0000 
346.6033 333.1823 0.0000 
351.5225 314.8426 0.0000 
6.0000 90.0000 0.0000 
8.4775 45.1574 0.0000 
13.3967 26.8177 0.0000 
18.9422 18.7844 0.0000 
24.6955 14.4888 0.0000 
30.5393 11.8712 0.0000 
36.4298 10.1381 0.0000 
42.3474 8.9268 0.0000 
48.2820 8.0500 0.0000 
54.2277 7.4022 0.0000 
60.1810 6.9198 0.0000 
66.1397 6.5631 0.0000 
72.1020 6.3063 0.0000 
78.0667 6.1330 0.0000 
84.0330 6.0328 0.0000 
90.0000 6.0000 0.0000 
95.9670 6.0328 0.0000 
101.9333 6.1330 0.0000 
107.8980 6.3063 0.0000 
113.8603 6.5631 0.0000 
119.8190 6.9198 0.0000 
125.7723 7.4022 0.0000 
131.7180 8.0500 0.0000 
137.6526 8.9268 0.0000 
143.5702 10.1381 0.0000 
149.4607 11.8712 0.0000 
155.3045 14.4888 0.0000 
161.0578 18.7844 0.0000 
166.6033 26.8177 0.0000 
171.5225 45.1574 0.0000 
174.0000 90.0000 0.0000 
188.4775 314.8426 0.0000 
193.3967 333.1823 0.0000 
198.9422 341.2156 0.0000 
204.6955 345.5112 0.0000 
210.5393 348.1288 0.0000 
216.4298 349.8619 0.0000 
222.3474 351.0732 0.0000 
228.2820 351.9500 0.0000 
270.0000 0.0000 0.0000 
276.0000 0.0000 0.0000 
282.0000 0.0000 0.0000 
288.0000 0.0000 0.0000 
294.0000 0.0000 0.0000 
300.0000 0.0000 0.0000 
306.0000 0.0000 0.0000 
312.0000 0.0000 0.0000 
318.0000 0.0000 0.0000 
324.0000 0.0000 0.0000 
330.0000 0.0000 0.0000 
336.0000 0.0000 0.0000 
342.0000 0.0000 0.0000 
348.0000 0.0000 0.0000 
354.0000 0.0000 0.0000 
0.0000 0.0000 0.0000 
6.0000 0.0000 0.0000 
12.0000 0.0000 0.0000 
18.0000 0.0000 0.0000 
24.0000 0.0000 0.0000 
30.0000 0.0000 0.0000 
36.0000 0.0000 0.0000 
42.0000 0.0000 0.0000 
48.0000 0.0000 0.0000 
54.0000 0.0000 0.0000 
60.0000 0.0000 0.0000 
66.0000 0.0000 0.0000 
72.0000 0.0000 0.0000 
78.0000 0.0000 0.0000 
84.0000 0.0000 0.0000 
90.0000 0.0000 0.0000 
96.0000 0.0000 0.0000 
102.0000 0.0000 0.0000 
108.0000 0.0000 0.0000 
114.0000 0.0000 0.0000 
120.0000 0.0000 0.0000 
126.0000 0.0000 0.0000 
132.0000 0.0000 0.0000 
138.0000 0.0000 0.0000 
144.0000 0.0000 0.0000 
150.0000 0.0000 0.0000 
156.0000 0.0000 0.0000 
162.0000 0.0000 0.0000 
168.0000 0.0000 0.0000 
174.0000 0.0000 0.0000 
180.0000 0.0000 0.0000 
186.0000 0.0000 0.0000 
192.0000 0.0000 0.0000 
198.0000 0.0000 0.0000 
228.0000 0.0000 0.0000 
234.0000 0.0000 0.0000 
240.0000 0.0000 0.0000 
246.0000 0.0000 0.0000 
252.0000 0.0000 0.0000 
258.0000 0.0000 0.0000 
264.0000 0.0000 0.0000 
270.0000 6.0000 0.0000 
275.9670 6.0328 0.0000 
281.9333 6.1330 0.0000 
287.8980 6.3063 0.0000 
293.8603 6.5631 0.0000 
299.8190 6.9198 0.0000 
305.7723 7.4022 0.0000 
311.7180 8.0500 0.0000 
317.6526 8.9268 0.0000 
323.5702 10.1381 0.0000 
329.4607 11.8712 0.0000 
335.3045 14.4888 0.0000 
341.0578 18.7844 0.0000 
346.6033 26.8177 0.0000 
351.5225 45.1574 0.0000 
354.0000 90.0000 0.0000 
8.4775 314.8426 0.0000 
13.3967 333.1823 0.0000 
18.9422 341.2156 0.0000 
24.6955 345.5112 0.0000 
30.5393 348.1288 0.0000 
36.4298 349.8619 0.0000 
42.3474 351.0732 0.0000 
48.2820 351.9500 0.0000 
54.2277 352.5978 0.0000 
60.1810 353.0802 0.0000 
66.1397 353.4369 0.0000 
72.1020 353.6937 0.0000 
78.0667 353.8670 0.0000 
84.0330 353.9672 0.0000 
90.0000 354.0000 0.0000 
95.9670 353.9672 0.0000 
101.9333 353.8670 0.0000 
107.8980 353.6937 0.0000 
113.8603 353.4369 0.0000 
119.8190 353.0802 0.0000 
125.7723 352.5978 0.0000 
131.7180 351.9500 0.0000 
137.6526 351.0732 0.0000 
143.5702 349.8619 0.0000 
149.4607 348.1288 0.0000 
155.3045 345.5112 0.0000 
161.0578 341.2156 0.0000 
166.6033 333.1823 0.0000 
171.5225 314.8426 0.0000 
186.0000 90.0000 0.0000 
188.4775 45.1574 0.0000 
264.0330 6.0328 0.0000 
299.2797 13.7900 0.0000 
305.0955 14.7209 0.0000 
310.8824 15.9618 0.0000 
316.6276 17.6230 0.0000 
322.3107 19.8811 0.0000 
327.8977 23.0310 0.0000 
333.3269 27.5911 0.0000 
338.4775 34.5220 0.0000 
343.0919 45.6329 0.0000 
346.6033 63.8135 0.0000 
348.0000 90.0000 0.0000 
13.3967 296.1865 0.0000 
16.9081 314.3671 0.0000 
21.5225 325.4780 0.0000 
26.6731 332.4089 0.0000 
32.1023 336.9690 0.0000 
37.6893 340.1189 0.0000 
43.3724 342.3770 0.0000 
49.1176 344.0382 0.0000 
54.9045 345.2791 0.0000 
60.7203 346.2100 0.0000 
66.5563 346.9019 0.0000 
72.4064 347.4017 0.0000 
78.2660 347.7399 0.0000 
84.1316 347.9358 0.0000 
90.0000 348.0000 0.0000 
95.8684 347.9358 0.0000 
101.7340 347.7399 0.0000 
107.5936 347.4017 0.0000 
113.4437 346.9019 0.0000 
119.2797 346.2100 0.0000 
125.0955 345.2791 0.0000 
130.8824 344.0382 0.0000 
136.6276 342.3770 0.0000 
142.3107 340.1189 0.0000 
147.8977 336.9690 0.0000 
314.9729 25.9005 0.0000 
320.3019 28.9332 0.0000 
325.4508 33.0174 0.0000 
330.3234 38.6194 0.0000 
334.7572 46.4370 0.0000 
338.4775 57.3854 0.0000 
341.0578 72.1667 0.0000 
342.0000 90.0000 0.0000 
18.9422 287.8333 0.0000 
21.5225 302.6146 0.0000 
25.2428 313.5630 0.0000 
29.6766 321.3806 0.0000 
34.5492 326.9826 0.0000 
39.6981 331.0668 0.0000 
45.0271 334.0995 0.0000 
50.4775 336.3840 0.0000 
56.0122 338.1185 0.0000 
61.6062 339.4347 0.0000 
67.2426 340.4211 0.0000 
72.9089 341.1377 0.0000 
78.5954 341.6246 0.0000 
84.2947 341.9073 0.0000 
90.0000 342.0000 0.0000 
95.7053 341.9073 0.0000 
101.4046 341.6246 0.0000 
107.0911 341.1377 0.0000 
112.7574 340.4211 0.0000 
118.3938 339.4347 0.0000 
123.9878 338.1185 0.0000 
129.5225 336.3840 0.0000 
134.9729 334.0995 0.0000 
319.2323 38.5268 0.0000 
324.4861 44.4417 0.0000 
329.1432 52.4689 0.0000 
332.8898 63.1949 0.0000 
335.3045 76.7877 0.0000 
24.0196 272.2448 0.0000 
25.2232 287.3586 0.0000 
28.0647 300.1702 0.0000 
32.1105 310.0766 0.0000 
36.9648 317.4369 0.0000 
42.3474 322.8572 0.0000 
48.0775 326.8623 0.0000 
54.0403 329.8346 0.0000 
60.1618 332.0373 0.0000 
66.3923 333.6479 0.0000 
72.6972 334.7850 0.0000 
79.0509 335.5261 0.0000 
85.4332 335.9187 0.0000 
91.8270 335.9870 0.0000 
98.2163 335.7352 0.0000 
104.5845 335.1478 0.0000 
110.9130 334.1879 0.0000 
117.1791 332.7920 0.0000 
324.4687 59.3577 0.0000 
327.5467 68.7128 0.0000 
329.4607 79.7378 0.0000 
30.0151 271.7314 0.0000 
30.9521 283.5529 0.0000 
33.2259 294.1461 0.0000 
36.5858 302.9770 0.0000 
40.7607 310.0207 0.0000 
45.5225 315.5131 0.0000 
50.7007 319.7502 0.0000 
56.1742 322.9955 0.0000 
61.8572 325.4560 0.0000 
67.6886 327.2849 0.0000 
323.5702 81.8130 0.0000 
36.0120 271.3760 0.0000 
36.7605 280.8440 0.0000 
38.6064 289.6076 0.0000 
41.4003 297.2757 0.0000 
44.9615 303.7145 0.0000 
49.1176 308.9734 0.0000 
