90.0000 90.0000 0.0000 
270.0000 276.0000 0.0000 
275.0293 273.2763 0.0000 
84.5204 87.5521 0.0000 
89.0631 84.0733 0.0000 
94.4552 85.9771 0.0000 
264.2052 271.5582 0.0000 
268.1490 275.7083 0.0000 
270.0000 282.0000 0.0000 
275.7851 280.5314 0.0000 
280.1554 276.4266 0.0000 
281.9833 270.6374 0.0000 
79.2298 84.6766 0.0000 
83.1510 80.1229 0.0000 
88.7547 78.0638 0.0000 
94.6597 78.9294 0.0000 
99.4297 82.5445 0.0000 
101.8501 88.0955 0.0000 
258.7335 274.1580 0.0000 
262.1603 279.1137 0.0000 
267.5225 281.7451 0.0000 
270.0000 288.0000 0.0000 
275.7741 287.0779 0.0000 
280.9674 284.3615 0.0000 
285.0204 280.0354 0.0000 
287.4479 274.4945 0.0000 
72.0708 88.3779 0.0000 
73.6024 82.4716 0.0000 
76.9383 77.5055 0.0000 
81.6584 73.9925 0.0000 
87.2292 72.2076 0.0000 
93.0760 72.2562 0.0000 
98.6162 74.1358 0.0000 
103.2761 77.7340 0.0000 
106.5261 82.7647 0.0000 
107.9547 88.7016 0.0000 
252.6332 274.8070 0.0000 
255.1561 280.2979 0.0000 
259.2822 284.5470 0.0000 
264.5204 287.1720 0.0000 
270.0000 294.0000 0.0000 
276.0428 293.2705 0.0000 
281.7340 291.0856 0.0000 
286.7147 287.4753 0.0000 
290.6246 282.5502 0.0000 
293.1337 276.5734 0.0000 
66.0000 90.0000 0.0000 
66.8663 83.4266 0.0000 
69.3754 77.4498 0.0000 
73.2853 72.5247 0.0000 
78.2660 68.9144 0.0000 
83.9572 66.7295 0.0000 
90.0000 66.0000 0.0000 
96.0428 66.7295 0.0000 
101.7340 68.9144 0.0000 
106.7147 72.5247 0.0000 
110.6246 77.4498 0.0000 
113.1337 83.4266 0.0000 
114.0000 90.0000 0.0000 
246.8663 276.5734 0.0000 
249.3754 282.5502 0.0000 
253.2853 287.4753 0.0000 
258.2660 291.0856 0.0000 
263.9572 293.2705 0.0000 
270.0000 300.0000 0.0000 
275.9670 299.4549 0.0000 
281.7340 297.8088 0.0000 
287.0911 295.0366 0.0000 
291.8126 291.1227 0.0000 
295.6589 286.1021 0.0000 
298.3938 280.1158 0.0000 
299.8190 273.4536 0.0000 
60.1810 86.5464 0.0000 
61.6062 79.8842 0.0000 
64.3411 73.8979 0.0000 
68.1874 68.8773 0.0000 
72.9089 64.9634 0.0000 
78.2660 62.1912 0.0000 
84.0330 60.5451 0.0000 
90.0000 60.0000 0.0000 
95.9670 60.5451 0.0000 
101.7340 62.1912 0.0000 
107.0911 64.9634 0.0000 
111.8126 68.8773 0.0000 
115.6589 73.8979 0.0000 
118.3938 79.8842 0.0000 
119.8190 86.5464 0.0000 
240.1810 273.4536 0.0000 
241.6062 280.1158 0.0000 
244.3411 286.1021 0.0000 
248.1874 291.1227 0.0000 
252.9089 295.0366 0.0000 
258.2660 297.8088 0.0000 
264.0330 299.4549 0.0000 
270.0000 306.0000 0.0000 
275.8583 305.5839 0.0000 
281.5975 304.3224 0.0000 
287.0911 302.1783 0.0000 
292.1988 299.0987 0.0000 
296.7610 295.0332 0.0000 
300.5997 289.9646 0.0000 
303.5275 283.9549 0.0000 
305.3701 277.1906 0.0000 
54.0000 90.0000 0.0000 
54.6299 82.8094 0.0000 
56.4725 76.0451 0.0000 
59.4003 70.0354 0.0000 
63.2390 64.9668 0.0000 
67.8012 60.9013 0.0000 
72.9089 57.8217 0.0000 
78.4025 55.6776 0.0000 
84.1417 54.4161 0.0000 
90.0000 54.0000 0.0000 
95.8583 54.4161 0.0000 
101.5975 55.6776 0.0000 
107.0911 57.8217 0.0000 
112.1988 60.9013 0.0000 
116.7610 64.9668 0.0000 
120.5997 70.0354 0.0000 
123.5275 76.0451 0.0000 
125.3701 82.8094 0.0000 
126.0000 90.0000 0.0000 
234.6299 277.1906 0.0000 
236.4725 283.9549 0.0000 
239.4003 289.9646 0.0000 
243.2390 295.0332 0.0000 
247.8012 299.0987 0.0000 
252.9089 302.1783 0.0000 
258.4025 304.3224 0.0000 
264.1417 305.5839 0.0000 
270.0000 312.0000 0.0000 
276.0084 311.6473 0.0000 
281.9333 310.5746 0.0000 
287.6847 308.7389 0.0000 
293.1603 306.0712 0.0000 
298.2388 302.4842 0.0000 
302.7748 297.8898 0.0000 
306.5982 292.2335 0.0000 
309.5225 285.5487 0.0000 
311.3680 278.0176 0.0000 
48.0000 90.0000 0.0000 
48.6320 81.9824 0.0000 
50.4775 74.4513 0.0000 
53.4018 67.7665 0.0000 
57.2252 62.1102 0.0000 
61.7612 57.5158 0.0000 
66.8397 53.9288 0.0000 
72.3153 51.2611 0.0000 
78.0667 49.4254 0.0000 
83.9916 48.3527 0.0000 
90.0000 48.0000 0.0000 
96.0084 48.3527 0.0000 
101.9333 49.4254 0.0000 
107.6847 51.2611 0.0000 
113.1603 53.9288 0.0000 
118.2388 57.5158 0.0000 
122.7748 62.1102 0.0000 
126.5982 67.7665 0.0000 
129.5225 74.4513 0.0000 
131.3680 81.9824 0.0000 
132.0000 90.0000 0.0000 
228.6320 278.0176 0.0000 
230.4775 285.5487 0.0000 
233.4018 292.2335 0.0000 
237.2252 297.8898 0.0000 
241.7612 302.4842 0.0000 
246.8397 306.0712 0.0000 
252.3153 308.7389 0.0000 
258.0667 310.5746 0.0000 
263.9916 311.6473 0.0000 
270.0000 318.0000 0.0000 
275.9365 317.7212 0.0000 
281.8200 316.8723 0.0000 
287.5936 315.4151 0.0000 
293.1916 313.2848 0.0000 
298.5343 310.3904 0.0000 
303.5225 306.6177 0.0000 
308.0315 301.8422 0.0000 
311.9078 295.9596 0.0000 
314.9729 288.9421 0.0000 
317.0421 280.9158 0.0000 
317.9613 272.2197 0.0000 
42.3474 83.3781 0.0000 
43.8571 74.9609 0.0000 
46.4465 67.4106 0.0000 
49.9405 60.9563 0.0000 
54.1542 55.6372 0.0000 
58.9202 51.3784 0.0000 
64.0995 48.0602 0.0000 
69.5808 45.5608 0.0000 
75.2756 43.7768 0.0000 
81.1117 42.6302 0.0000 
87.0285 42.0695 0.0000 
92.9715 42.0695 0.0000 
98.8883 42.6302 0.0000 
104.7244 43.7768 0.0000 
110.4192 45.5608 0.0000 
115.9005 48.0602 0.0000 
121.0798 51.3784 0.0000 
125.8458 55.6372 0.0000 
130.0595 60.9563 0.0000 
133.5535 67.4106 0.0000 
136.1429 74.9609 0.0000 
137.6526 83.3781 0.0000 
222.0387 272.2197 0.0000 
222.9579 280.9158 0.0000 
225.0271 288.9421 0.0000 
228.0922 295.9596 0.0000 
231.9685 301.8422 0.0000 
236.4775 306.6177 0.0000 
241.4657 310.3904 0.0000 
246.8084 313.2848 0.0000 
252.4064 315.4151 0.0000 
258.1800 316.8723 0.0000 
264.0635 317.7212 0.0000 
270.0000 324.0000 0.0000 
275.6582 323.7959 0.0000 
281.2867 323.1747 0.0000 
286.8535 322.1088 0.0000 
292.3219 320.5504 0.0000 
297.6477 318.4287 0.0000 
302.7748 315.6472 0.0000 
307.6309 312.0817 0.0000 
312.1215 307.5841 0.0000 
316.1238 301.9998 0.0000 
319.4842 295.2087 0.0000 
322.0252 287.2035 0.0000 
323.5702 278.1870 0.0000 
36.0120 88.6240 0.0000 
36.7605 79.1560 0.0000 
38.6064 70.3924 0.0000 
41.4003 62.7243 0.0000 
44.9615 56.2855 0.0000 
49.1176 51.0266 0.0000 
53.7239 46.8113 0.0000 
58.6660 43.4840 0.0000 
63.8564 40.9025 0.0000 
69.2280 38.9504 0.0000 
74.7287 37.5389 0.0000 
80.3166 36.6040 0.0000 
85.9567 36.1039 0.0000 
91.6179 36.0166 0.0000 
97.2707 36.3382 0.0000 
102.8850 37.0828 0.0000 
108.4277 38.2836 0.0000 
113.8603 39.9946 0.0000 
119.1356 42.2937 0.0000 
124.1936 45.2854 0.0000 
128.9561 49.1014 0.0000 
133.3210 53.8941 0.0000 
137.1569 59.8141 0.0000 
140.3019 66.9587 0.0000 
142.5753 75.2849 0.0000 
143.8083 84.5158 0.0000 
216.1079 274.1201 0.0000 
217.1814 283.4419 0.0000 
219.3157 291.9206 0.0000 
222.3474 299.2412 0.0000 
226.0951 305.3324 0.0000 
230.3933 310.2775 0.0000 
235.1059 314.2233 0.0000 
240.1269 317.3241 0.0000 
245.3752 319.7151 0.0000 
250.7885 321.5048 0.0000 
256.3180 322.7746 0.0000 
261.9241 323.5819 0.0000 
267.5733 323.9626 0.0000 
270.0000 330.0000 0.0000 
276.0584 329.8140 0.0000 
282.0937 329.2463 0.0000 
288.0807 328.2663 0.0000 
293.9898 326.8197 0.0000 
299.7840 324.8233 0.0000 
305.4143 322.1563 0.0000 
310.8134 318.6513 0.0000 
315.8869 314.0847 0.0000 
320.5009 308.1792 0.0000 
324.4687 300.6423 0.0000 
327.5467 291.2872 0.0000 
329.4607 280.2622 0.0000 
30.0151 88.2686 0.0000 
30.9521 76.4471 0.0000 
33.2259 65.8539 0.0000 
36.5858 57.0230 0.0000 
40.7607 49.9793 0.0000 
45.5225 44.4869 0.0000 
50.7007 40.2498 0.0000 
56.1742 37.0045 0.0000 
61.8572 34.5440 0.0000 
67.6886 32.7151 0.0000 
73.6234 31.4090 0.0000 
79.6269 30.5512 0.0000 
85.6712 30.0947 0.0000 
91.7320 30.0151 0.0000 
97.7862 30.3083 0.0000 
103.8104 30.9897 0.0000 
109.7784 32.0964 0.0000 
115.6589 33.6901 0.0000 
121.4119 35.8640 0.0000 
126.9840 38.7509 0.0000 
132.3012 42.5339 0.0000 
137.2592 47.4528 0.0000 
141.7101 53.7960 0.0000 
145.4508 61.8428 0.0000 
148.2241 71.7118 0.0000 
149.7591 83.1108 0.0000 
210.1357 275.1796 0.0000 
211.4749 286.7396 0.0000 
214.0873 296.8578 0.0000 
217.7066 305.1643 0.0000 
222.0698 311.7353 0.0000 
226.9656 316.8393 0.0000 
232.2388 320.7685 0.0000 
237.7795 323.7710 0.0000 
243.5104 326.0375 0.0000 
249.3754 327.7076 0.0000 
255.3330 328.8793 0.0000 
261.3508 329.6187 0.0000 
267.4022 329.9660 0.0000 
270.0000 336.0000 0.0000 
276.3922 335.8403 0.0000 
282.7682 335.3516 0.0000 
289.1102 334.5033 0.0000 
295.3967 333.2404 0.0000 
301.6002 331.4749 0.0000 
307.6822 329.0736 0.0000 
313.5875 325.8376 0.0000 
319.2323 321.4732 0.0000 
324.4861 315.5583 0.0000 
329.1432 307.5311 0.0000 
332.8898 296.8051 0.0000 
335.3045 283.2123 0.0000 
24.0196 87.7552 0.0000 
25.2232 72.6414 0.0000 
28.0647 59.8298 0.0000 
32.1105 49.9234 0.0000 
36.9648 42.5631 0.0000 
42.3474 37.1428 0.0000 
48.0775 33.1377 0.0000 
54.0403 30.1654 0.0000 
60.1618 27.9627 0.0000 
66.3923 26.3521 0.0000 
72.6972 25.2150 0.0000 
79.0509 24.4739 0.0000 
85.4332 24.0813 0.0000 
91.8270 24.0130 0.0000 
98.2163 24.2648 0.0000 
104.5845 24.8522 0.0000 
110.9130 25.8121 0.0000 
117.1791 27.2080 0.0000 
123.3523 29.1391 0.0000 
129.3905 31.7551 0.0000 
135.2315 35.2785 0.0000 
140.7806 40.0364 0.0000 
145.8891 46.4924 0.0000 
150.3234 55.2369 0.0000 
153.7355 66.8018 0.0000 
155.6884 81.0955 0.0000 
204.1758 276.7043 0.0000 
205.8857 291.3068 0.0000 
209.1170 303.2920 0.0000 
213.4294 312.4131 0.0000 
218.4583 319.1580 0.0000 
223.9551 324.1266 0.0000 
229.7612 327.8035 0.0000 
235.7757 330.5334 0.0000 
241.9325 332.5518 0.0000 
248.1874 334.0171 0.0000 
254.5085 335.0346 0.0000 
260.8723 335.6724 0.0000 
267.2596 335.9708 0.0000 
270.0000 342.0000 0.0000 
275.7053 341.9073 0.0000 
281.4046 341.6246 0.0000 
287.0911 341.1377 0.0000 
292.7574 340.4211 0.0000 
298.3938 339.4347 0.0000 
303.9878 338.1185 0.0000 
309.5225 336.3840 0.0000 
314.9729 334.0995 0.0000 
320.3019 331.0668 0.0000 
325.4508 326.9826 0.0000 
330.3234 321.3806 0.0000 
334.7572 313.5630 0.0000 
338.4775 302.6146 0.0000 
341.0578 287.8333 0.0000 
18.0000 90.0000 0.0000 
18.9422 72.1667 0.0000 
21.5225 57.3854 0.0000 
25.2428 46.4370 0.0000 
29.6766 38.6194 0.0000 
34.5492 33.0174 0.0000 
39.6981 28.9332 0.0000 
45.0271 25.9005 0.0000 
50.4775 23.6160 0.0000 
56.0122 21.8815 0.0000 
61.6062 20.5653 0.0000 
67.2426 19.5789 0.0000 
72.9089 18.8623 0.0000 
78.5954 18.3754 0.0000 
84.2947 18.0927 0.0000 
90.0000 18.0000 0.0000 
95.7053 18.0927 0.0000 
101.4046 18.3754 0.0000 
107.0911 18.8623 0.0000 
112.7574 19.5789 0.0000 
118.3938 20.5653 0.0000 
123.9878 21.8815 0.0000 
129.5225 23.6160 0.0000 
134.9729 25.9005 0.0000 
140.3019 28.9332 0.0000 
145.4508 33.0174 0.0000 
150.3234 38.6194 0.0000 
154.7572 46.4370 0.0000 
158.4775 57.3854 0.0000 
161.0578 72.1667 0.0000 
162.0000 90.0000 0.0000 
198.9422 287.8333 0.0000 
201.5225 302.6146 0.0000 
205.2428 313.5630 0.0000 
209.6766 321.3806 0.0000 
214.5492 326.9826 0.0000 
219.6981 331.0668 0.0000 
225.0271 334.0995 0.0000 
230.4775 336.3840 0.0000 
236.0122 338.1185 0.0000 
241.6062 339.4347 0.0000 
247.2426 340.4211 0.0000 
252.9089 341.1377 0.0000 
258.5954 341.6246 0.0000 
264.2947 341.9073 0.0000 
270.0000 348.0000 0.0000 
275.8684 347.9358 0.0000 
281.7340 347.7399 0.0000 
287.5936 347.4017 0.0000 
293.4437 346.9019 0.0000 
299.2797 346.2100 0.0000 
305.0955 345.2791 0.0000 
310.8824 344.0382 0.0000 
316.6276 342.3770 0.0000 
322.3107 340.1189 0.0000 
327.8977 336.9690 0.0000 
333.3269 332.4089 0.0000 
338.4775 325.4780 0.0000 
343.0919 314.3671 0.0000 
346.6033 296.1865 0.0000 
12.0000 90.0000 0.0000 
13.3967 63.8135 0.0000 
16.9081 45.6329 0.0000 
21.5225 34.5220 0.0000 
26.6731 27.5911 0.0000 
32.1023 23.0310 0.0000 
37.6893 19.8811 0.0000 
43.3724 17.6230 0.0000 
49.1176 15.9618 0.0000 
54.9045 14.7209 0.0000 
60.7203 13.7900 0.0000 
66.5563 13.0981 0.0000 
72.4064 12.5983 0.0000 
78.2660 12.2601 0.0000 
84.1316 12.0642 0.0000 
90.0000 12.0000 0.0000 
95.8684 12.0642 0.0000 
101.7340 12.2601 0.0000 
107.5936 12.5983 0.0000 
113.4437 13.0981 0.0000 
119.2797 13.7900 0.0000 
125.0955 14.7209 0.0000 
130.8824 15.9618 0.0000 
136.6276 17.6230 0.0000 
142.3107 19.8811 0.0000 
147.8977 23.0310 0.0000 
153.3269 27.5911 0.0000 
158.4775 34.5220 0.0000 
163.0919 45.6329 0.0000 
166.6033 63.8135 0.0000 
168.0000 90.0000 0.0000 
193.3967 296.1865 0.0000 
196.9081 314.3671 0.0000 
201.5225 325.4780 0.0000 
206.6731 332.4089 0.0000 
212.1023 336.9690 0.0000 
217.6893 340.1189 0.0000 
223.3724 342.3770 0.0000 
229.1176 344.0382 0.0000 
234.9045 345.2791 0.0000 
240.7203 346.2100 0.0000 
246.5563 346.9019 0.0000 
252.4064 347.4017 0.0000 
258.2660 347.7399 0.0000 
264.1316 347.9358 0.0000 
270.0000 354.0000 0.0000 
275.9670 353.9672 0.0000 
281.9333 353.8670 0.0000 
287.8980 353.6937 0.0000 
293.8603 353.4369 0.0000 
299.8190 353.0802 0.0000 
305.7723 352.5978 0.0000 
311.7180 351.9500 0.0000 
317.6526 351.0732 0.0000 
323.5702 349.8619 0.0000 
329.4607 348.1288 0.0000 
335.3045 345.5112 0.0000 
341.0578 341.2156 0.0000 
346.6033 333.1823 0.0000 
351.5225 314.8426 0.0000 
6.0000 90.0000 0.0000 
8.4775 45.1574 0.0000 
13.3967 26.8177 0.0000 
18.9422 18.7844 0.0000 
24.6955 14.4888 0.0000 
30.5393 11.8712 0.0000 
36.4298 10.1381 0.0000 
42.3474 8.9268 0.0000 
48.2820 8.0500 0.0000 
54.2277 7.4022 0.0000 
60.1810 6.9198 0.0000 
66.1397 6.5631 0.0000 
72.1020 6.3063 0.0000 
78.0667 6.1330 0.0000 
84.0330 6.0328 0.0000 
90.0000 6.0000 0.0000 
95.9670 6.0328 0.0000 
101.9333 6.1330 0.0000 
107.8980 6.3063 0.0000 
113.8603 6.5631 0.0000 
119.8190 6.9198 0.0000 
125.7723 7.4022 0.0000 
131.7180 8.0500 0.0000 
137.6526 8.9268 0.0000 
143.5702 10.1381 0.0000 
149.4607 11.8712 0.0000 
155.3045 14.4888 0.0000 
161.0578 18.7844 0.0000 
166.6033 26.8177 0.0000 
171.5225 45.1574 0.0000 
174.0000 90.0000 0.0000 
188.4775 314.8426 0.0000 
193.3967 333.1823 0.0000 
198.9422 341.2156 0.0000 
204.6955 345.5112 0.0000 
210.5393 348.1288 0.0000 
216.4298 349.8619 0.0000 
222.3474 351.0732 0.0000 
228.2820 351.9500 0.0000 
234.2277 352.5978 0.0000 
240.1810 353.0802 0.0000 
246.1397 353.4369 0.0000 
252.1020 353.6937 0.0000 
258.0667 353.8670 0.0000 
264.0330 353.9672 0.0000 
270.0000 0.0000 0.0000 
276.0000 0.0000 0.0000 
282.0000 0.0000 0.0000 
288.0000 0.0000 0.0000 
294.0000 0.0000 0.0000 
300.0000 0.0000 0.0000 
306.0000 0.0000 0.0000 
312.0000 0.0000 0.0000 
318.0000 0.0000 0.0000 
324.0000 0.0000 0.0000 
330.0000 0.0000 0.0000 
336.0000 0.0000 0.0000 
342.0000 0.0000 0.0000 
348.0000 0.0000 0.0000 
354.0000 0.0000 0.0000 
0.0000 0.0000 0.0000 
6.0000 0.0000 0.0000 
12.0000 0.0000 0.0000 
18.0000 0.0000 0.0000 
24.0000 0.0000 0.0000 
30.0000 0.0000 0.0000 
36.0000 0.0000 0.0000 
42.0000 0.0000 0.0000 
48.0000 0.0000 0.0000 
54.0000 0.0000 0.0000 
60.0000 0.0000 0.0000 
66.0000 0.0000 0.0000 
72.0000 0.0000 0.0000 
78.0000 0.0000 0.0000 
84.0000 0.0000 0.0000 
90.0000 0.0000 0.0000 
96.0000 0.0000 0.0000 
102.0000 0.0000 0.0000 
108.0000 0.0000 0.0000 
114.0000 0.0000 0.0000 
120.0000 0.0000 0.0000 
126.0000 0.0000 0.0000 
132.0000 0.0000 0.0000 
138.0000 0.0000 0.0000 
144.0000 0.0000 0.0000 
150.0000 0.0000 0.0000 
156.0000 0.0000 0.0000 
162.0000 0.0000 0.0000 
168.0000 0.0000 0.0000 
174.0000 0.0000 0.0000 
180.0000 0.0000 0.0000 
186.0000 0.0000 0.0000 
192.0000 0.0000 0.0000 
198.0000 0.0000 0.0000 
204.0000 0.0000 0.0000 
210.0000 0.0000 0.0000 
216.0000 0.0000 0.0000 
222.0000 0.0000 0.0000 
228.0000 0.0000 0.0000 
234.0000 0.0000 0.0000 
240.0000 0.0000 0.0000 
246.0000 0.0000 0.0000 
252.0000 0.0000 0.0000 
258.0000 0.0000 0.0000 
264.0000 0.0000 0.0000 
270.0000 6.0000 0.0000 
275.9670 6.0328 0.0000 
281.9333 6.1330 0.0000 
287.8980 6.3063 0.0000 
293.8603 6.5631 0.0000 
299.8190 6.9198 0.0000 
305.7723 7.4022 0.0000 
311.7180 8.0500 0.0000 
317.6526 8.9268 0.0000 
323.5702 10.1381 0.0000 
329.4607 11.8712 0.0000 
335.3045 14.4888 0.0000 
341.0578 18.7844 0.0000 
346.6033 26.8177 0.0000 
351.5225 45.1574 0.0000 
354.0000 90.0000 0.0000 
8.4775 314.8426 0.0000 
13.3967 333.1823 0.0000 
18.9422 341.2156 0.0000 
24.6955 345.5112 0.0000 
30.5393 348.1288 0.0000 
36.4298 349.8619 0.0000 
42.3474 351.0732 0.0000 
48.2820 351.9500 0.0000 
54.2277 352.5978 0.0000 
60.1810 353.0802 0.0000 
66.1397 353.4369 0.0000 
72.1020 353.6937 0.0000 
78.0667 353.8670 0.0000 
84.0330 353.9672 0.0000 
90.0000 354.0000 0.0000 
95.9670 353.9672 0.0000 
101.9333 353.8670 0.0000 
107.8980 353.6937 0.0000 
113.8603 353.4369 0.0000 
119.8190 353.0802 0.0000 
125.7723 352.5978 0.0000 
131.7180 351.9500 0.0000 
137.6526 351.0732 0.0000 
143.5702 349.8619 0.0000 
149.4607 348.1288 0.0000 
155.3045 345.5112 0.0000 
161.0578 341.2156 0.0000 
166.6033 333.1823 0.0000 
171.5225 314.8426 0.0000 
186.0000 90.0000 0.0000 
188.4775 45.1574 0.0000 
193.3967 26.8177 0.0000 
198.9422 18.7844 0.0000 
204.6955 14.4888 0.0000 
210.5393 11.8712 0.0000 
216.4298 10.1381 0.0000 
222.3474 8.9268 0.0000 
228.2820 8.0500 0.0000 
234.2277 7.4022 0.0000 
240.1810 6.9198 0.0000 
246.1397 6.5631 0.0000 
252.1020 6.3063 0.0000 
258.0667 6.1330 0.0000 
264.0330 6.0328 0.0000 
270.0000 12.0000 0.0000 
275.8684 12.0642 0.0000 
281.7340 12.2601 0.0000 
287.5936 12.5983 0.0000 
293.4437 13.0981 0.0000 
299.2797 13.7900 0.0000 
305.0955 14.7209 0.0000 
310.8824 15.9618 0.0000 
316.6276 17.6230 0.0000 
322.3107 19.8811 0.0000 
327.8977 23.0310 0.0000 
333.3269 27.5911 0.0000 
338.4775 34.5220 0.0000 
343.0919 45.6329 0.0000 
346.6033 63.8135 0.0000 
348.0000 90.0000 0.0000 
13.3967 296.1865 0.0000 
16.9081 314.3671 0.0000 
21.5225 325.4780 0.0000 
26.6731 332.4089 0.0000 
32.1023 336.9690 0.0000 
37.6893 340.1189 0.0000 
43.3724 342.3770 0.0000 
49.1176 344.0382 0.0000 
54.9045 345.2791 0.0000 
60.7203 346.2100 0.0000 
66.5563 346.9019 0.0000 
72.4064 347.4017 0.0000 
78.2660 347.7399 0.0000 
84.1316 347.9358 0.0000 
90.0000 348.0000 0.0000 
95.8684 347.9358 0.0000 
101.7340 347.7399 0.0000 
107.5936 347.4017 0.0000 
113.4437 346.9019 0.0000 
119.2797 346.2100 0.0000 
125.0955 345.2791 0.0000 
130.8824 344.0382 0.0000 
136.6276 342.3770 0.0000 
142.3107 340.1189 0.0000 
147.8977 336.9690 0.0000 
153.3269 332.4089 0.0000 
158.4775 325.4780 0.0000 
163.0919 314.3671 0.0000 
166.6033 296.1865 0.0000 
192.0000 90.0000 0.0000 
193.3967 63.8135 0.0000 
196.9081 45.6329 0.0000 
201.5225 34.5220 0.0000 
206.6731 27.5911 0.0000 
212.1023 23.0310 0.0000 
217.6893 19.8811 0.0000 
223.3724 17.6230 0.0000 
229.1176 15.9618 0.0000 
234.9045 14.7209 0.0000 
240.7203 13.7900 0.0000 
246.5563 13.0981 0.0000 
252.4064 12.5983 0.0000 
258.2660 12.2601 0.0000 
264.1316 12.0642 0.0000 
270.0000 18.0000 0.0000 
275.7053 18.0927 0.0000 
281.4046 18.3754 0.0000 
287.0911 18.8623 0.0000 
292.7574 19.5789 0.0000 
298.3938 20.5653 0.0000 
303.9878 21.8815 0.0000 
309.5225 23.6160 0.0000 
314.9729 25.9005 0.0000 
320.3019 28.9332 0.0000 
325.4508 33.0174 0.0000 
330.3234 38.6194 0.0000 
334.7572 46.4370 0.0000 
338.4775 57.3854 0.0000 
341.0578 72.1667 0.0000 
342.0000 90.0000 0.0000 
18.9422 287.8333 0.0000 
21.5225 302.6146 0.0000 
25.2428 313.5630 0.0000 
29.6766 321.3806 0.0000 
34.5492 326.9826 0.0000 
39.6981 331.0668 0.0000 
45.0271 334.0995 0.0000 
50.4775 336.3840 0.0000 
56.0122 338.1185 0.0000 
61.6062 339.4347 0.0000 
67.2426 340.4211 0.0000 
72.9089 341.1377 0.0000 
258.5954 18.3754 0.0000 
264.2947 18.0927 0.0000 
307.6822 30.9264 0.0000 
313.5875 34.1624 0.0000 
319.2323 38.5268 0.0000 
324.4861 44.4417 0.0000 
329.1432 52.4689 0.0000 
332.8898 63.1949 0.0000 
335.3045 76.7877 0.0000 
24.0196 272.2448 0.0000 
25.2232 287.3586 0.0000 
28.0647 300.1702 0.0000 
32.1105 310.0766 0.0000 
36.9648 317.4369 0.0000 
42.3474 322.8572 0.0000 
48.0775 326.8623 0.0000 
54.0403 329.8346 0.0000 
60.1618 332.0373 0.0000 
315.8869 45.9153 0.0000 
320.5009 51.8208 0.0000 
324.4687 59.3577 0.0000 
327.5467 68.7128 0.0000 
329.4607 79.7378 0.0000 
30.0151 271.7314 0.0000 
30.9521 283.5529 0.0000 
33.2259 294.1461 0.0000 
36.5858 302.9770 0.0000 